52207
52221
56258
56290
56292
56313
56328
56330
56339
56371
58705
57255
56794
57046
56271
58525
56894
56293
56324
56334
56337
56355
56372
58704
57230
56530
58266
56508
56309
56325
56326
56342
56365
56366
106448
57593
57588
57917
57073
56605
56690
56278
56383
56385
106449
57870
56996
57142
58447
58290
56269
56288
56289
56308
56315
56362
56744
58005
58281
57828
56327
56417
56443
52213
56255
56256
56257
56281
56302
56310
56323
56332
56341
56345
56379
56387
56778
57713
56390
52211
56259
56307
56318
56333
56335
56347
56348
56368
56374
56386
56570
56267
56291
56294
56296
56336
56349
56350
56351
56381
